0001
0002
0003
0006
0007
0008
0010
0011
0013
0014
0015
0016
0017
0018
0020
0021
0022
0023
0024
0025
0027
0028
0029
0031
0033
0034
0036
0038
0040
0041
0042
0044
0047
0048
0050
0051
0052
0054
0055
0056
0057
0062
0064
0065
0066
0068
0069
0070
0072
0074
0075
0076
0077
0078
0080
0081
0082
0083
0084
0085
0086
0087
0088
0089
0091
0092
0093
0094
0095
0096
0097
0098
0099
0100
0101
0103
0104
0105
0106
0107
0108
0109
0110
0111
0112
0113
0114
0116
0117
0118
0119
0120
0121
0122
0123
0124
0125
0126
0127
0128
0131
0132
0133
0135
0136
0137
0138
0139
0140
0141
0142
0144
0146
0147
0148
0149
0150
0151
0152
0153
0154
0155
0156
0157
0158
0159
0160
0161
0162
0164
0165
0166
0167
0168
0169
0170
0172
0173
0174
0175
0177
0179
0180
0181
0182
0183
0184
0185
0186
0187
0189
0190
0191
0192
0194
0195
0196
0197
0198
0199
0200
0201
0202
0203
0204
0207
0208
0209
0212
0213
0214
0215
0216
0217
0219
0220
0221
0224
0227
0228
0230
0231
0232
0233
0235
0236
0237
0238
0239
0240
0241
0243
0244
0245
0246
0247
0249
0250
0251
0252
0253
0254
0255
0256
0257
0258
0260
0261
0262
0263
0264
0266
0267
0268
0269
0270
0271
0272
0273
0274
0275
0277
0278
0279
0280
0281
0282
0283
0284
0285
0286
0287
0288
0289
0290
0291
0292
0293
0294
0295
0296
0297
0298
0299
0301
0302
0303
0304
0305
0307
0308
0309
0310
0311
0312
0313
0315
0316
0317
0319
0320
0321
0322
0323
0324
0325
0326
0328
0330
0331
0332
0333
0334
0335
0337
0338
0339
0340
0341
0342
0344
0347
0348
0350
0351
0352
0353
0354
0357
0358
0359
0360
0361
0362
0364
0365
0366
0367
0368
0369
0370
0372
0373
0374
0375
0376
0377
0378
0380
0382
0383
0384
0385
0387
0390
0391
0392
0393
0394
0395
0396
0397
0398
0399
0400
0401
0402
0403
0404
0406
0407
0408
0411
0412
0413
0414
0415
0416
0417
0418
0419
0420
0422
0423
0424
0425
0426
0428
0431
0432
0433
0434
0435
0436
0438
0439
0440
0441
0442
0443
0445
0446
0447
0448
0450
0451
0452
0453
0454
0456
0457
0458
0459
0460
0461
0463
0464
0466
0467
0468
0470
0474
0475
0477
0479
0480
0481
0482
0483
0484
0485
0486
0487
0488
0489
0490
0491
0492
0493
0494
0495
0496
0497
0499
0500
0501
0502
0503
0504
0505
0506
0507
0508
0509
0510
0511
0513
0514
0515
0516
0517
0518
0521
0524
0525
0526
0527
0528
0531
0532
0533
0534
0535
0536
0538
0539
0540
0541
0542
0543
0544
0545
0547
0548
0549
0550
0553
0554
0555
0556
0557
0560
0561
0562
0563
0564
0565
0566
0567
0568
0569
0570
0571
0572
0573
0574
0577
0578
0580
0581
0583
0585
0586
0587
0589
0591
0592
0593
0596
0597
0598
0599
0600
0601
0602
0603
0606
0607
0609
0610
0611
0612
0613
0614
0615
0616
0617
0618
0619
0620
0621
0623
0624
0625
0626
0627
0628
0629
0630
0631
0633
0634
0635
0636
0637
0640
0641
0642
0643
0644
0645
0648
0649
0650
0652
0653
0654
0655
0656
0657
0658
0659
0661
0662
0663
0664
0666
0667
0668
0669
0670
0671
0672
0673
0674
0675
0677
0678
0680
0681
0683
0684
0685
0686
0687
0688
0689
0690
0691
0693
0694
0696
0697
0698
0699
0700
0701
0702
0703
0707
0710
0711
0713
0714
0715
0716
0717
0718
0719
0720
0723
0725
0726
0727
0728
0729
0730
0732
0733
0734
0735
0736
0737
0738
0739
0740
0741
0742
0743
0744
0745
0746
0748
0749
0750
0751
0753
0754
0755
0757
0758
0760
0761
0763
0764
0765
0766
0767
0769
0770
0771
0772
0773
0774
0775
0776
0777
0779
0780
0782
0783
0784
0785
0787
0788
0789
0790
0791
0793
0794
0795
0796
0797
0798
0800
0801
0802
0803
0804
0805
0808
0809
0810
0811
0812
0813
0815
0816
0818
0819
0820
0821
0822
0824
0825
0826
0827
0830
0831
0832
0833
0834
0835
0836
0837
0838
0839
0841
0842
0843
0844
0845
0846
0850
0851
0852
0854
0855
0856
0857
0858
0859
0860
0861
0862
0864
0866
0867
0868
0869
0870
0872
0874
0875
0876
0877
0878
0879
0881
0882
0883
0884
0886
0888
0890
0892
0893
0894
0895
0896
0898
0901
0902
0903
0904
0905
0906
0907
0908
0909
0910
0911
0912
0914
0915
0916
0917
0918
0919
0920
0922
0924
0925
0926
0927
0929
0930
0931
0933
0934
0935
0936
0937
0938
0943
0944
0945
0946
0947
0948
0949
0950
0951
0952
0953
0954
0955
0956
0957
0958
0959
0960
0961
0963
0964
0965
0966
0967
0969
0970
0972
0973
0974
0975
0976
0977
0978
0979
0980
0981
0982
0983
0985
0987
0988
0989
0990
0991
0993
0996
0997
0998
0999
1002
1004
1005
1006
1007
1008
1009
1010
1011
1012
1013
1014
1018
1019
1021
1022
1024
1027
1028
1031
1032
1033
1036
1037
1038
1039
1041
1043
1045
1046
1047
1048
1049
1051
1052
1054
1055
1056
1057
1058
1059
1060
1061
1062
1064
1065
1066
1069
1070
1071
1072
1073
1074
1075
1076
1077
1078
1079
1080
1082
1083
1084
1085
1086
1087
1088
1089
1090
1091
1092
1093
1094
1095
1096
1097
1098
1099
1100
1101
1102
1103
1104
1105
1106
1107
1108
1112
1113
1114
1115
1116
1117
1119
1120
1121
1122
1123
1125
1126
1127
1128
1131
1132
1134
1135
1136
1138
1139
1141
1142
1143
1145
1146
1147
1148
1149
1150
1151
1152
1153
1155
1156
1157
1159
1160
1161
1162
1163
1164
1165
1167
1168
1169
1171
1172
1174
1176
1177
1178
1179
1180
1181
1182
1184
1185
1186
